599
618
613
614
635
664
682
707
681
681
685
660
667
670
668
662
682
674
698
662
663
664
664
666
670
649
657
571
590
575
594
668
668
656
656
662
662
676
676
706
666
648
644
654
517
516
534
534
534
534
514
527
527
553
523
535
513
510
510
510
515
509
514
513
512
514
517
517
629
732
670
780
790
674
516
531
530
521
595
553
600
550
525
523
542
529
521
532
520
540
521
528
518
534
525
514
515
515
522
511
516
510
510
515
510
510
628
668
760
680
700
775
710
600
580
604
596
614
606
750
760
770
624
622
740
805
816
540
548
590
600
580
525
535
520
516
517
519
515
606
617
615
603
547
796
684
777
671
599
572
604
605
605
606
604
584
589
561
610
681
615
617
626
624
638
635
673
738
736
742
747
742
752
624
651
648
738
648
727