579
596
597
598
617
646
669
695
668
668
673
649
651
655
652
643
667
657
682
648
649
651
649
651
656
636
641
549
571
552
574
539
545
540
543
545
551
539
545
557
542
575
586
587
492
492
510
510
510
510
490
508
508
535
506
505
493
491
491
491
494
492
494
494
494
490
496
496
538
536
595
650
710
583
492
508
507
502
534
512
527
523
493
485
485
490
494
480
470
332
454
420
494
509
490
494
494
494
494
492
494
491
491
494
491
491
534
584
630
500
570
610
543
530
530
542
538
567
568
549
576
598
585
582
601
653
701
480
486
495
499
495
502
502
502
495
496
480
490
583
598
586
583
528
761
662
750
650
574
553
580
582
581
583
581
555
567
537
589
624
571
577
589
592
598
599
600
616
703
703
707
704
710
594
571
612
678
598
676